1105
2490.79 -1007.48 23.511 0
2490.82 -1054.04 23.511 0
2490.8 -1175.56 23.511 0
2490.81 -1297.28 23.511 0
2490.79 -1343.02 23.511 0
2490.82 -1357.62 23.5113 0
2490.82 -1372.95 23.5113 0
2490.77 -1447.89 23.5113 0
2490.77 -1507.98 23.5113 0
2490.72 -1511.18 23.5113 0
2490.72 -1521.38 23.3348 0
2490.72 -1540.02 23.0003 0
2490.75 -1551.01 22.8005 0
2490.78 -1574.48 22.2344 0
2490.71 -1598.63 21.7388 0
2490.76 -1665.54 21.4 0
2490.77 -1680.55 21.4 0
2490.77 -1680.55 21.4 0
2490.77 -1784.55 21.4 0
2490.77 -1861.55 21.4 0
2490.77 -1942.55 21.4 0
2490.77 -2089.55 21.4 1
2490.77 -2135.55 21.4447 0
2490.77 -2138.3 21.3447 0
2490.77 -2170.3 21.3688 0
2490.8 -2183.7 20.894 0
2490.8 -2197.44 19.9325 0
2490.75 -2211.09 18.7402 0
2490.78 -2224.73 17.4394 0
2490.74 -2238.48 16.0029 0
2490.73 -2252.15 14.3227 0
2490.73 -2265.6 12.8483 0
2490.73 -2279.4 11.9434 0
2490.75 -2293.42 11.2629 0
2490.77 -2306.76 10.6973 0
2490.85 -2320.1 10.2518 0
2490.81 -2450.02 10.2563 0
2490.81 -2469.92 10.2578 0
2490.78 -2473.93 10.2578 0
2490.7 -2477.91 10.2578 0
2490.41 -2481.91 10.2578 0
2489.96 -2485.72 10.2578 0
2489.33 -2489.59 10.2578 0
2488.48 -2493.5 10.2578 0
2487.42 -2497.26 10.2578 0
2486.21 -2501.16 10.2578 0
2484.91 -2504.72 10.2578 0
2483.38 -2508.39 10.2578 0
2481.62 -2511.94 10.2578 0
2479.75 -2515.35 10.2578 0
2468.6 -2534.7 10.2578 0
2457.86 -2553.22 10.2578 0
2445.88 -2574.17 10.2578 0
2433.72 -2595.02 10.2578 0
2431.66 -2598.5 10.2578 0
2429.49 -2601.79 10.2578 0
2427.13 -2604.9 10.2578 0
2424.63 -2607.96 10.2578 0
2422.01 -2610.96 10.2578 0
2419.2 -2613.76 10.2578 0
2416.4 -2616.38 10.2578 0
2413.33 -2618.93 10.2578 0
2410.15 -2621.36 10.2578 0
2406.89 -2623.61 10.2578 0
2403.56 -2625.66 10.2578 0
2400.15 -2627.7 10.2578 0
2396.66 -2629.58 10.2578 0
2393.11 -2631.38 10.2578 0
2389.49 -2632.81 10.2578 0
2385.78 -2634.18 10.2578 0
2382.03 -2635.4 10.2578 0
2378.16 -2636.43 10.2578 0
2374.35 -2637.22 10.2578 0
2370.49 -2637.83 10.2578 0
2366.52 -2638.34 10.2578 0
2362.6 -2638.57 10.2578 0
2358.66 -2638.68 10.2578 0
2354.73 -2638.7 10.2578 0
2334.66 -2638.65 10.2578 0
2305.24 -2638.63 10.2578 0
2231.88 -2638.76 10.258 0
2199.95 -2638.72 10.258 0
2183.12 -2638.73 10.258 0
2177.19 -2638.58 10.258 0
2172.95 -2638.47 10.258 0
2168.0 -2638.27 10.258 0
2132.7 -2637.03 10.258 0
2032.57 -2633.67 10.258 0
2026.27 -2633.42 10.258 0
2019.45 -2633.42 10.258 0
1941.36 -2633.49 10.258 0
1884.01 -2633.48 10.258 0
1879.45 -2633.49 10.2939 0
1875.02 -2633.23 10.2939 0
1870.82 -2632.9 10.2939 0
1867.01 -2632.58 10.2939 0
1862.81 -2632.06 10.2939 0
1856.09 -2630.97 10.2939 0
1849.89 -2629.74 10.2939 0
1843.46 -2628.09 10.2939 0
1836.39 -2626.06 10.2939 0
1695.16 -2582.96 10.2939 0
1691.28 -2581.8 10.2939 0
1686.98 -2580.7 10.383 0
1683.15 -2579.83 10.4897 0
1679.81 -2579.06 10.7031 0
1676.57 -2578.53 10.935 0
1672.91 -2577.9 11.1306 0
1668.32 -2577.29 11.2921 0
1664.03 -2576.84 11.4699 0
1660.02 -2576.45 11.6315 0
1654.85 -2576.22 11.8449 0
1650.14 -2576.16 12.0224 0
1644.33 -2576.16 12.2713 0
1600.0 -2576.16 14.0877 0
1500.0 -2576.18 18.472 0
1400.0 -2576.18 23.0544 0
1300.0 -2576.16 27.6146 0
1288.22 -2576.13 28.1406 0
1285.04 -2576.17 28.2999 0
1282.14 -2576.17 28.3715 0
1278.76 -2576.14 28.4288 0
1275.27 -2576.14 28.4431 0
1260.61 -2576.15 28.4564 0
1107.64 -2576.2 28.4663 0
940.038 -2576.17 28.4663 0
848.607 -2576.16 28.4663 0
750.121 -2576.14 28.4663 0
717.051 -2576.13 28.4663 0
658.252 -2576.1 28.4084 0
636.701 -2576.02 28.4388 0
625.863 -2576.12 28.4474 0
615.046 -2576.12 28.4474 0
604.27 -2576.17 28.4462 0
593.453 -2576.17 28.2503 0
582.677 -2576.17 27.989 0
566.472 -2576.21 27.314 0
555.075 -2576.25 26.787 0
544.216 -2576.71 26.1556 0
533.357 -2577.16 25.5039 0
522.582 -2577.87 24.8289 0
511.765 -2578.74 24.1959 0
500.947 -2579.77 23.5644 0
490.2 -2580.99 23.0418 0
479.445 -2582.4 22.6907 0
468.719 -2584.07 22.3864 0
458.022 -2585.94 22.3183 0
447.384 -2587.82 22.298 0
436.658 -2590.04 22.3186 0
426.049 -2592.39 22.3186 0
415.646 -2594.85 22.2984 0
405.154 -2597.69 22.2971 0
399.951 -2599.2 22.2971 0
394.457 -2601.0 22.2971 0
389.387 -2602.85 22.2971 0
379.198 -2606.65 22.297 0
369.086 -2610.42 22.297 0
353.917 -2616.14 22.297 0
343.826 -2619.9 22.2978 0
333.696 -2623.64 22.3256 0
262.845 -2650.16 22.3256 0
253.577 -2653.58 22.3256 0
243.242 -2657.68 22.3256 0
233.455 -2662.61 22.3256 0
224.147 -2668.22 22.3256 0
215.25 -2674.79 22.3256 0
207.037 -2682.12 22.3256 0
199.417 -2690.1 22.3256 0
192.527 -2698.68 22.3256 0
186.367 -2707.78 22.3256 0
183.617 -2712.54 22.3256 0
162.469 -2750.19 22.3256 0
136.187 -2797.34 22.3256 0
109.7 -2844.56 22.3256 0
93.9589 -2872.9 22.3256 0
83.4874 -2891.72 22.3256 0
78.5596 -2900.48 22.3256 0
75.9588 -2905.13 22.3256 0
73.0843 -2909.51 22.3256 0
70.0044 -2913.89 22.3256 0
66.7192 -2918.0 22.3256 0
63.2287 -2921.9 22.3256 0
59.396 -2925.73 22.3256 0
55.4264 -2929.22 22.3256 0
51.4606 -2932.5 22.3256 0
47.2502 -2935.55 22.3256 0
42.8463 -2938.41 22.3256 0
38.2003 -2941.17 22.3256 0
33.5543 -2943.59 22.3256 0
28.7148 -2945.71 22.3256 0
23.8269 -2947.65 22.3256 0
18.7454 -2949.2 22.3256 0
13.6155 -2950.6 22.3256 0
8.48557 -2951.67 22.3256 0
3.25887 -2952.44 22.3256 0
-2.01622 -2953.07 22.3256 0
-7.24297 -2953.36 22.3256 0
-12.5181 -2953.26 22.3256 0
-17.7448 -2953.02 22.3256 0
-23.0599 -2952.35 22.3256 0
-28.3983 -2951.6 22.3256 0
-33.463 -2950.44 22.3256 0
-43.7292 -2947.49 22.3256 0
-54.1323 -2944.34 22.5017 0
-64.3985 -2941.26 22.7051 0
-74.7331 -2937.98 22.9348 0
-84.2465 -2934.83 23.3162 0
-94.102 -2930.79 23.8501 0
-103.821 -2926.34 24.643 0
-113.402 -2921.42 25.7108 0
-122.642 -2916.08 26.9567 0
-131.729 -2910.82 27.9139 0
-141.078 -2905.29 28.5495 0
-145.707 -2902.53 28.816 0
-155.156 -2897.12 29.2915 0
-164.398 -2891.64 29.651 0
-173.693 -2886.16 29.9027 0
-178.421 -2883.42 30.0466 0
-210.87 -2864.26 30.001 0
-220.587 -2858.32 30.001 0
-229.326 -2852.31 30.001 0
-237.855 -2845.81 30.001 0
-245.754 -2838.82 30.001 0
-253.514 -2831.27 30.001 0
-260.645 -2823.51 30.001 0
-267.426 -2815.19 30.001 0
-273.718 -2806.59 30.001 0
-279.8 -2797.57 30.001 0
-285.812 -2788.62 30.001 0
-300.772 -2766.11 30.001 0
-318.878 -2739.13 30.001 0
-325.021 -2730.28 29.9878 0
-330.925 -2722.35 29.9878 0
-337.41 -2714.8 29.9878 0
-344.185 -2707.44 29.9878 0
-351.735 -2700.18 29.9878 0
-359.575 -2693.21 29.9878 0
-367.899 -2686.73 29.9878 0
-376.707 -2680.44 29.9878 0
-386.102 -2674.43 29.9878 0
-395.752 -2668.82 29.9878 0
-405.95 -2663.75 29.9878 0
-416.559 -2659.03 29.9878 0
-427.509 -2654.78 29.9878 0
-438.87 -2651.02 29.9878 0
-450.205 -2647.85 29.9668 0
-460.89 -2645.11 29.8623 0
-471.499 -2642.51 29.6843 0
-482.176 -2640.39 29.5572 0
-492.921 -2638.68 29.4046 0
-503.735 -2637.45 29.2521 0
-514.617 -2636.63 29.0995 0
-525.499 -2636.21 28.92 0
-536.312 -2636.28 28.7929 0
-547.195 -2636.9 28.6149 0
-558.145 -2637.86 28.4617 0
-569.027 -2639.29 28.3091 0
-579.704 -2641.14 28.1567 0
-590.381 -2643.47 27.9533 0
-600.8 -2646.16 27.8516 0
-611.187 -2649.29 27.6235 0
-621.59 -2652.98 27.4401 0
-631.788 -2656.88 27.2963 0
-641.575 -2661.33 27.1165 0
-651.431 -2666.26 26.9382 0
-661.012 -2671.46 26.7944 0
-670.389 -2677.07 26.6506 0
-679.459 -2683.07 26.4837 0
-688.288 -2689.44 26.3295 0
-696.843 -2696.21 26.1515 0
-705.193 -2703.33 25.999 0
-728.737 -2725.51 25.4637 0
-764.013 -2758.65 24.5396 0
-780.165 -2773.77 24.0002 0
-788.378 -2780.55 23.8111 0
-797.07 -2786.71 23.6585 0
-806.241 -2792.12 23.4805 0
-815.96 -2796.91 23.2778 0
-825.678 -2800.74 23.1252 0
-835.739 -2803.89 22.9021 0
-846.073 -2806.28 22.6997 0
-856.613 -2807.79 22.4963 0
-867.153 -2808.61 22.3174 0
-877.899 -2808.68 22.0886 0
-888.576 -2807.72 21.9106 0
-898.979 -2806.01 21.7053 0
-909.329 -2803.53 21.5019 0
-919.306 -2800.19 21.3494 0
-929.23 -2796.09 21.1705 0
-938.538 -2791.36 20.9925 0
-947.64 -2785.89 20.8145 0
-974.195 -2767.27 20.1497 0
-1005.2 -2745.58 19.4305 0
-1049.32 -2714.45 18.3679 0
-1088.96 -2686.57 17.8594 0
-1124.22 -2661.82 16.9943 0
-1137.6 -2652.4 16.4395 0
-1150.87 -2643.02 15.7463 0
-1160.04 -2636.79 15.2378 0
-1169.32 -2631.23 14.5267 0
-1178.9 -2625.81 13.7131 0
-1188.68 -2620.68 12.9249 0
-1198.26 -2616.03 12.085 0
-1208.04 -2611.58 11.2714 0
-1218.2 -2607.32 10.4069 0
-1228.36 -2603.36 9.74588 0
-1238.33 -2599.77 8.88142 0
-1248.88 -2596.48 8.19383 0
-1259.43 -2593.48 7.63448 0
-1269.79 -2590.87 7.1243 0
-1280.46 -2588.46 6.66665 0
-1291.18 -2586.32 6.31069 0
-1301.93 -2584.58 5.9549 0
-1312.67 -2583.22 5.72607 0
-1323.51 -2582.06 5.52266 0
-1334.35 -2581.19 5.37033 0
-1366.29 -2579.16 4.99065 0
-1436.41 -2574.63 4.99213 0
-1441.96 -2574.12 4.96227 0
-1447.33 -2573.61 4.95754 0
-1452.44 -2573.05 4.96227 0
-1457.78 -2572.31 4.96227 0
-1462.98 -2571.52 4.96227 0
-1468.55 -2570.69 4.96227 0
-1473.66 -2569.76 4.96227 0
-1478.82 -2568.74 5.00235 0
-1484.39 -2567.53 4.96227 0
-1490.38 -2566.04 4.96118 0
-1495.63 -2564.74 5.00126 0
-1500.31 -2563.44 5.00126 0
-1505.38 -2562.0 5.04134 0
-1509.6 -2560.75 5.04134 0
-1515.5 -2558.85 5.08143 0
-1522.84 -2556.29 5.12151 0
-1532.12 -2552.76 5.20167 0
-1536.99 -2550.8 5.24364 0
-1541.36 -2548.96 5.28372 0
-1545.13 -2547.29 5.3238 0
-1548.91 -2545.41 5.36388 0
-1552.62 -2543.44 5.40396 0
-1557.25 -2540.92 5.48412 0
-1561.55 -2538.32 5.52698 0
-1565.29 -2535.89 5.60714 0
-1568.84 -2533.43 5.64723 0
-1572.25 -2530.94 5.68731 0
-1575.27 -2528.57 5.76747 0
-1578.66 -2525.81 5.80755 0
-1581.71 -2523.12 5.84763 0
-1584.24 -2520.79 5.92779 0
-1588.11 -2517.08 6.00796 0
-1591.56 -2513.7 6.04804 0
-1595.01 -2510.35 6.1282 0
-1598.82 -2506.64 6.20836 0
-1628.28 -2477.99 6.85006 0
-1665.02 -2442.29 7.65446 0
-1699.97 -2408.34 8.33798 0
-1731.53 -2377.72 8.70558 0
-1740.22 -2369.24 8.76525 0
-1748.35 -2361.25 8.82193 0
-1762.48 -2347.6 8.81667 0
-1846.34 -2266.1 8.89989 0
-1923.5 -2191.03 8.89989 0
-1997.74 -2118.84 8.89989 0
-2056.74 -2061.46 8.89989 0
-2066.57 -2051.75 8.89989 0
-2075.99 -2042.32 8.89989 0
-2084.77 -2033.32 8.89989 0
-2093.45 -2024.35 8.89989 0
-2102.93 -2014.28 8.89989 0
-2111.66 -2004.9 8.89989 0
-2120.76 -1994.96 8.89989 0
-2128.79 -1986.09 8.89989 0
-2136.73 -1977.18 8.89989 0
-2145.04 -1967.61 8.89989 0
-2151.82 -1959.72 8.89989 0
-2158.83 -1951.41 8.89989 0
-2167.33 -1941.24 8.89989 0
-2174.71 -1932.28 8.89989 0
-2181.21 -1924.24 8.89989 0
-2187.44 -1916.4 8.89989 0
-2193.75 -1908.46 8.89989 0
-2200.44 -1899.87 8.89989 0
-2206.94 -1891.41 8.89989 0
-2212.51 -1884.03 8.89989 0
-2220.08 -1873.91 8.89989 0
-2226.53 -1865.09 8.89989 0
-2232.89 -1856.26 8.89989 0
-2238.86 -1847.92 8.89989 0
-2244.71 -1839.6 8.89989 0
-2250.98 -1830.6 8.89989 0
-2257.99 -1820.34 8.89989 0
-2264.26 -1811.0 8.89989 0
-2269.69 -1802.78 8.89989 0
-2274.75 -1795.03 8.89989 0
-2280.69 -1785.84 8.89989 0
-2286.5 -1776.64 8.89989 0
-2291.65 -1768.42 8.89989 0
-2297.22 -1759.37 8.89989 0
-2302.98 -1749.85 8.89989 0
-2308.88 -1739.96 8.89989 0
-2326.15 -1710.61 8.89989 0
-2346.78 -1675.55 8.89989 0
-2367.56 -1640.19 8.89989 0
-2384.24 -1611.75 8.89989 0
-2396.32 -1591.2 8.89989 0
-2409.98 -1568.02 8.89989 0
-2424.04 -1544.05 8.89989 0
-2435.73 -1524.15 8.89989 0
-2449.45 -1500.84 8.89989 0
-2462.85 -1478.05 8.89989 0
-2477.89 -1452.44 8.89989 0
-2495.68 -1422.17 8.89989 0
-2507.31 -1402.34 8.89989 0
-2516.83 -1386.12 8.89989 0
-2526.09 -1370.42 8.89989 0
-2530.89 -1362.48 8.89989 0
-2533.92 -1357.86 8.89989 0
-2537.08 -1353.63 8.89989 0
-2540.56 -1349.41 8.89989 0
-2544.32 -1345.28 8.89989 0
-2548.18 -1341.33 8.89989 0
-2552.31 -1337.66 8.89989 0
-2556.53 -1334.18 8.89989 0
-2560.99 -1330.88 8.89989 0
-2565.59 -1327.82 8.89989 0
-2570.28 -1324.99 8.89989 0
-2575.06 -1322.43 8.89989 0
-2580.12 -1319.97 8.89989 0
-2589.92 -1315.47 8.89989 0
-2629.25 -1297.26 8.89989 0
-2668.49 -1279.2 8.89989 0
-2673.13 -1276.91 8.89989 0
-2678.38 -1274.29 8.89989 0
-2683.7 -1271.46 8.89989 0
-2688.89 -1268.51 8.89989 0
-2693.75 -1265.62 8.89989 0
-2698.21 -1262.86 8.89989 0
-2702.75 -1259.78 8.89989 0
-2707.67 -1256.36 8.89989 0
-2712.92 -1252.42 8.89989 0
-2717.98 -1248.48 8.89989 0
-2722.64 -1244.67 8.89989 0
-2727.37 -1240.53 8.89989 0
-2732.17 -1236.2 8.89989 0
-2736.37 -1232.0 8.89989 0
-2740.51 -1227.86 8.89989 0
-2744.31 -1223.79 8.89989 0
-2748.5 -1219.05 8.89989 0
-2752.96 -1213.73 8.89989 0
-2756.97 -1208.68 8.89989 0
-2761.11 -1203.23 8.89989 0
-2764.65 -1198.17 8.89989 0
-2768.13 -1192.92 8.89989 0
-2771.34 -1187.87 8.89989 0
-2774.5 -1182.61 8.89989 0
-2777.92 -1176.5 8.89989 0
-2781.51 -1169.59 8.89989 0
-2784.76 -1162.88 8.89989 0
-2787.66 -1156.28 8.89989 0
-2790.15 -1150.11 8.89989 0
-2792.32 -1144.33 8.89989 0
-2794.29 -1138.42 8.89989 0
-2795.93 -1133.16 8.89989 0
-2797.31 -1128.57 8.89989 0
-2798.82 -1123.09 8.89989 0
-2800.33 -1116.62 8.89989 0
-2801.84 -1109.72 8.89989 0
-2803.01 -1103.29 8.89989 0
-2803.94 -1097.58 8.89989 0
-2804.73 -1091.47 8.89989 0
-2805.26 -1086.28 8.89989 0
-2805.65 -1081.48 8.89989 0
-2805.98 -1075.77 8.89989 0
-2806.16 -1069.78 8.89989 0
-2806.25 -1064.53 8.89989 0
-2806.16 -1058.82 8.89989 0
-2805.98 -1053.67 8.89989 0
-2805.74 -1048.98 8.89989 0
-2805.31 -1043.89 8.89989 0
-2804.77 -1038.39 8.89989 0
-2804.16 -1033.1 8.89989 0
-2803.47 -1028.45 8.89989 0
-2802.63 -1023.21 8.89989 0
-2801.8 -1018.7 8.89989 0
-2800.73 -1013.83 8.89989 0
-2799.48 -1008.07 8.89989 0
-2797.99 -1002.31 8.89989 0
-2796.64 -997.436 8.89989 0
-2795.16 -992.7 8.89989 0
-2793.86 -988.707 8.89989 0
-2792.88 -985.781 8.89989 0
-2791.72 -982.81 8.89989 0
-2784.35 -962.358 8.85599 0
-2775.15 -937.151 8.93016 0
-2765.84 -911.735 9.18 0
-2754.76 -881.193 9.76469 0
-2743.67 -850.651 10.499 0
-2734.46 -825.339 11.197 0
-2725.26 -799.923 11.8963 0
-2716.06 -774.611 12.6686 0
-2704.97 -744.278 13.6117 0
-2695.77 -718.862 14.2761 0
-2684.57 -688.32 15.0449 0
-2675.37 -663.008 15.5344 0
-2666.06 -637.592 15.9189 0
-2664.2 -632.527 15.9889 0
-2662.42 -627.498 16.0238 0
-2660.72 -622.395 16.0937 0
-2659.31 -617.07 16.0937 0
-2658.2 -611.523 16.1287 0
-2657.47 -606.124 16.1637 0
-2657.02 -600.799 16.1298 0
-2656.95 -595.178 16.1298 0
-2657.1 -589.779 16.1298 0
-2657.24 -584.306 16.1298 0
-2657.61 -578.907 16.2287 0
-2658.13 -573.582 16.2782 0
-2658.72 -567.961 16.2782 0
-2659.46 -562.783 16.327 0
-2660.2 -557.458 16.4753 0
-2660.93 -552.222 16.5742 0
-2661.61 -546.882 16.6731 0
-2662.35 -541.409 16.8215 0
-2665.47 -519.956 17.4149 0
-2667.69 -503.907 17.914 0
-2669.98 -488.005 18.5074 0
-2672.13 -471.956 19.1502 0
-2674.35 -456.425 19.793 0
-2676.63 -440.492 20.5871 0
-2678.93 -424.326 21.2299 0
-2681.23 -408.203 21.5761 0
-2683.45 -392.227 21.5266 0
-2685.22 -376.474 21.3313 0
-2687.0 -360.499 20.8862 0
-2688.11 -349.626 20.4412 0
-2689.14 -338.976 19.9467 0
-2690.03 -328.178 19.4028 0
-2690.77 -317.38 18.8085 0
-2691.36 -306.73 18.2151 0
-2691.58 -301.183 17.869 0
-2691.73 -295.932 17.6218 0
-2691.73 -287.944 17.1209 0
-2691.8 -270.416 16.0331 0
-2691.8 -254.218 15.0936 0
-2691.8 -238.021 14.2015 0
-2691.8 -221.898 13.4281 1
-2691.8 -205.701 12.8378 0
-2691.8 -189.43 12.5443 0
-2691.8 -184.105 12.5231 0
-2696.39 -184.105 12.4977 0
-2696.46 -189.578 12.5224 0
-2696.39 -194.903 12.6213 0
-2696.46 -205.775 12.8191 0
-2696.39 -222.046 13.4349 0
-2696.39 -238.169 14.1519 0
-2696.39 -254.366 15.0434 0
-2696.36 -270.748 15.9829 0
-2696.57 -288.216 17.1101 0
-2696.5 -295.94 17.5996 0
-2696.41 -301.34 17.8443 0
-2696.13 -306.739 18.194 0
-2695.76 -312.212 18.4737 0
-2695.47 -317.611 18.8234 0
-2695.17 -323.01 19.1054 0
-2694.73 -328.409 19.42 0
-2694.28 -333.882 19.6298 0
-2693.77 -339.281 19.9445 0
-2692.21 -355.478 20.6788 0
-2691.7 -360.878 20.9229 0
-2689.85 -377.149 21.3424 0
-2688.07 -392.976 21.5195 0
-2685.85 -409.026 21.5545 0
-2683.56 -425.223 21.2034 0
-2681.19 -441.272 20.574 0
-2678.9 -457.1 19.7676 0
-2676.75 -472.705 19.1382 0
-2674.54 -488.828 18.4721 0
-2672.24 -504.73 17.8661 0
-2670.02 -520.853 17.3907 0
-2667.81 -536.902 16.9362 0
-2667.14 -542.08 16.7963 0
-2666.4 -547.479 16.6522 0
-2665.59 -552.804 16.5473 0
-2664.83 -558.27 16.4074 0
-2664.03 -563.602 16.3025 0
-2663.37 -568.705 16.2676 0
-2662.78 -574.104 16.3025 0
-2662.33 -579.355 16.1277 0
-2661.96 -584.607 16.1631 0
-2661.74 -590.08 16.0931 0
-2661.65 -595.331 16.1281 0
-2661.67 -600.508 16.0931 0
-2662.11 -605.907 16.1631 0
-2662.92 -611.158 16.1281 0
-2663.89 -616.114 16.0582 0
-2665.29 -621.291 16.1281 0
-2666.92 -626.172 16.0233 0
-2668.69 -631.128 15.9883 0
-2670.54 -636.231 15.9184 0
-2679.86 -661.673 15.5595 0
-2689.03 -686.893 15.0817 0
-2700.24 -717.583 14.3125 0
-2709.44 -742.791 13.6589 0
-2720.49 -773.263 12.7194 0
-2729.81 -798.853 11.9276 0
-2738.99 -824.074 11.2353 0
-2748.31 -849.59 10.5443 0
-2759.31 -879.914 9.80255 0
-2770.35 -910.237 9.25722 0
-2779.59 -935.754 9.00998 0
-2788.82 -961.088 8.90637 0
-2796.23 -981.313 8.85693 0
-2798.06 -986.339 8.85649 0
-2799.73 -991.569 8.85649 0
-2801.18 -996.754 8.85649 0
-2802.65 -1002.0 8.85649 0
-2804.06 -1007.26 8.85649 0
-2805.24 -1012.66 8.85649 0
-2806.43 -1017.98 8.85649 0
-2807.46 -1023.31 8.85649 0
-2808.35 -1028.78 8.85649 0
-2809.01 -1034.18 8.85649 0
-2809.68 -1039.43 8.85649 0
-2810.12 -1045.05 8.85649 0
-2810.57 -1050.37 8.85649 0
-2810.79 -1055.92 8.85649 0
-2810.94 -1061.32 8.85649 0
-2810.86 -1066.65 8.85649 0
-2810.79 -1072.27 8.85649 0
-2810.57 -1077.59 8.85649 0
-2810.2 -1083.14 8.85649 0
-2809.75 -1088.54 8.85649 0
-2809.16 -1093.94 8.85649 0
-2808.42 -1099.26 8.85649 0
-2807.54 -1104.73 8.85649 0
-2806.54 -1110.07 8.85649 0
-2805.52 -1115.25 8.85649 0
-2804.26 -1120.79 8.85649 0
-2802.93 -1126.04 8.85649 0
-2801.52 -1131.22 8.85649 0
-2799.9 -1136.47 8.85649 0
-2798.27 -1141.65 8.85649 0
-2796.35 -1146.9 8.85649 0
-2794.5 -1151.93 8.85649 0
-2792.43 -1156.96 8.85649 0
-2790.28 -1161.99 8.85649 0
-2787.99 -1166.94 8.85649 0
-2785.62 -1171.82 8.85649 0
-2783.11 -1176.71 8.85649 0
-2780.52 -1181.59 8.85649 0
-2777.85 -1186.32 8.85649 0
-2774.97 -1190.91 8.85649 0
-2772.01 -1195.64 8.85649 0
-2769.05 -1200.08 8.85649 0
-2765.95 -1204.52 8.85649 0
-2762.77 -1208.88 8.85649 0
-2759.44 -1213.24 8.85649 0
-2755.96 -1217.61 8.85649 0
-2752.49 -1221.82 8.85649 0
-2748.79 -1225.89 8.85649 0
-2745.16 -1229.81 8.85649 0
-2741.32 -1233.8 8.85649 0
-2737.4 -1237.58 8.85649 0
-2733.62 -1241.2 8.85649 0
-2729.41 -1244.9 8.85649 0
-2725.34 -1248.45 8.85649 0
-2721.13 -1252.0 8.85649 0
-2716.76 -1255.4 8.85649 0
-2712.62 -1258.73 8.85649 0
-2708.11 -1261.91 8.85649 0
-2703.52 -1264.87 8.85649 0
-2699.01 -1267.75 8.85649 0
-2694.28 -1270.71 8.85649 0
-2689.69 -1273.52 8.85649 0
-2684.96 -1276.11 8.85649 0
-2679.93 -1278.77 8.85649 0
-2675.27 -1281.14 8.85649 0
-2670.11 -1283.57 8.85649 0
-2630.99 -1301.51 8.83347 0
-2591.87 -1319.6 8.83347 0
-2582.04 -1324.2 8.83347 0
-2577.18 -1326.55 8.83347 0
-2572.6 -1329.07 8.83347 0
-2567.94 -1331.73 8.83347 0
-2563.57 -1334.84 8.83347 0
-2559.36 -1338.02 8.83347 0
-2555.36 -1341.27 8.83347 0
-2551.44 -1344.82 8.83347 0
-2547.82 -1348.59 8.83347 0
-2544.12 -1352.51 8.83347 0
-2540.87 -1356.66 8.83347 0
-2537.54 -1360.95 8.83347 0
-2534.58 -1365.24 8.83347 0
-2531.77 -1370.19 8.83347 0
-2529.03 -1374.7 8.83347 0
-2526.37 -1379.36 8.83347 0
-2520.9 -1388.61 8.83347 0
-2509.95 -1407.24 8.83347 0
-2496.2 -1430.49 8.83347 0
-2479.78 -1458.52 8.83347 0
-2463.36 -1486.45 8.83347 0
-2444.22 -1519.08 8.83347 0
-2427.8 -1547.01 8.83347 0
-2414.0 -1570.33 8.83347 0
-2400.51 -1593.45 8.83347 0
-2389.52 -1612.17 8.83347 0
-2370.28 -1644.8 8.83347 0
-2351.24 -1677.33 8.83347 0
-2329.28 -1714.57 8.83347 0
-2312.96 -1742.5 8.83347 0
-2307.52 -1751.7 8.80906 0
-2301.88 -1760.9 8.80906 0
-2296.02 -1770.0 8.80906 0
-2290.27 -1779.42 8.80906 0
-2284.62 -1788.62 8.80906 0
-2278.66 -1797.72 8.80906 0
-2272.8 -1806.72 8.80906 0
-2266.73 -1815.71 8.80906 0
-2260.77 -1824.6 8.80906 0
-2254.71 -1833.6 8.80906 0
-2248.43 -1842.49 8.80906 0
-2242.26 -1851.27 8.80906 0
-2235.88 -1860.27 8.80906 0
-2229.6 -1868.95 8.80906 0
-2223.25 -1877.52 8.80906 0
-2216.59 -1886.25 8.80906 0
-2216.59 -1886.25 8.80906 0
-2210.25 -1894.89 8.80906 0
-2203.56 -1903.47 8.80906 0
-2196.97 -1912.04 8.80906 0
-2190.17 -1920.52 8.80906 0
-2183.58 -1928.88 8.80906 0
-2176.78 -1937.15 8.80869 0
-2169.67 -1945.83 8.80869 0
-2162.87 -1953.99 8.80869 0
-2155.86 -1962.25 8.80869 0
-2148.75 -1970.51 8.80869 0
-2141.64 -1978.67 8.80869 0
-2134.63 -1986.72 8.80869 0
-2127.31 -1994.67 8.80869 0
-2120.09 -2002.83 8.80869 0
-2112.67 -2010.68 8.80869 0
-2105.24 -2018.63 8.80869 0
-2097.81 -2026.57 8.80869 0
-2090.28 -2034.21 8.80869 0
-2078.88 -2045.93 8.80869 0
-2067.48 -2057.33 8.80869 0
-2059.74 -2064.75 8.80869 0
-2001.8 -2121.44 8.90588 0
-1928.16 -2193.09 8.90588 0
-1850.66 -2268.29 8.90416 0
-1765.73 -2351.03 8.90416 0
-1754.22 -2362.32 8.81772 0
-1746.38 -2369.96 8.81772 0
-1738.74 -2377.39 8.74779 0
-1730.79 -2384.92 8.67786 0
-1703.7 -2411.27 8.32821 0
-1668.77 -2445.27 7.70005 0
-1633.94 -2479.16 6.93082 0
-1602.98 -2509.18 6.30145 0
-1599.21 -2512.84 6.22978 0
-1595.34 -2516.71 6.08992 0
-1591.47 -2520.47 6.01999 0
-1587.5 -2524.24 5.88013 0
-1583.52 -2527.79 5.95007 0
-1579.34 -2531.35 5.88014 0
-1575.05 -2534.7 5.74027 0
-1570.55 -2538.04 5.67034 0
-1566.06 -2541.08 5.53048 0
-1561.47 -2543.95 5.53048 0
-1556.64 -2546.73 5.46055 0
-1551.73 -2549.24 5.39062 0
-1546.81 -2551.75 5.39062 0
-1541.79 -2553.94 5.25076 0
-1536.98 -2555.93 5.25076 0
-1531.75 -2558.02 5.18083 0
-1521.6 -2561.68 5.11385 0
-1516.47 -2563.43 5.11385 0
-1511.37 -2565.06 5.04392 0
-1500.87 -2568.17 5.04392 0
-1490.29 -2570.9 4.97399 0
-1479.64 -2573.27 4.97399 0
-1468.99 -2575.34 4.97399 0
-1458.34 -2576.97 4.97399 0
-1447.47 -2578.3 4.97156 0
-1436.6 -2579.33 4.97156 0
-1366.55 -2583.8 4.95255 0
-1334.66 -2585.76 5.34613 0
-1323.89 -2586.6 5.54592 0
-1313.12 -2587.65 5.69427 0
-1302.55 -2589.14 5.94151 0
-1292.09 -2590.89 6.28703 0
-1281.43 -2592.98 6.68261 0
-1270.86 -2595.39 7.0782 0
-1260.53 -2598.11 7.62213 0
-1250.32 -2600.93 8.16606 0
-1240.01 -2604.17 8.80888 0
-1229.96 -2607.85 9.5566 0
-1220.03 -2611.63 10.3972 0
-1209.99 -2615.89 11.2378 0
-1200.16 -2620.28 12.0784 0
-1190.43 -2625.09 12.9191 0
-1181.01 -2629.9 13.7102 0
-1171.6 -2635.24 14.4057 0
-1162.4 -2640.89 15.098 0
-1153.4 -2646.95 15.5925 0
-1140.33 -2656.16 16.3342 0
-1126.83 -2665.67 16.8781 0
-1091.69 -2690.36 17.8146 0
-1051.84 -2718.39 18.314 0
-1007.7 -2749.45 19.4019 0
-976.846 -2771.1 20.0442 0
-950.279 -2789.72 20.7859 0
-940.865 -2795.58 20.9342 0
-930.929 -2800.5 21.132 0
-920.887 -2804.58 21.3275 0
-910.428 -2808.03 21.4758 0
-899.76 -2810.64 21.6242 0
-888.986 -2812.42 21.9209 0
-878.004 -2813.26 22.1187 0
-867.021 -2813.36 22.3165 0
-856.039 -2812.63 22.5139 0
-845.266 -2810.95 22.7117 0
-834.493 -2808.44 22.9095 0
-823.719 -2805.1 23.1567 0
-813.678 -2801.02 23.305 0
-803.742 -2796.21 23.5526 0
-794.328 -2790.56 23.6515 0
-785.438 -2784.28 23.8987 0
-777.07 -2777.17 24.0965 0
-768.703 -2769.54 24.3932 0
-756.779 -2758.34 24.7393 0
-745.064 -2747.26 25.0871 0
-733.245 -2736.17 25.3838 0
-717.556 -2721.32 25.7794 0
-709.712 -2713.89 25.9277 0
-701.972 -2706.67 26.0266 0
-693.709 -2699.77 26.2244 0
-685.446 -2693.08 26.3727 0
-676.765 -2686.91 26.5704 0
-667.769 -2681.05 26.7682 0
-658.565 -2675.4 26.9166 0
-649.047 -2670.17 27.0155 0
-639.634 -2665.67 27.2627 0
-629.802 -2661.28 27.3122 0
-619.865 -2657.2 27.5594 0
-609.824 -2653.75 27.7572 0
-599.574 -2650.72 27.9055 0
-589.219 -2647.89 27.955 0
-578.76 -2645.59 28.1033 0
-568.196 -2643.81 28.3546 0
-557.631 -2642.45 28.503 0
-546.963 -2641.51 28.6513 0
-536.19 -2640.99 28.8491 0
-525.416 -2640.88 28.9974 0
-514.852 -2641.3 29.1457 0
-504.079 -2642.14 29.2446 0
-493.515 -2643.39 29.294 0
-482.846 -2645.07 29.4918 0
-472.282 -2647.16 29.6896 0
-462.032 -2649.67 29.8868 0
-451.573 -2652.28 29.8868 0
-446.134 -2653.96 29.9857 0
-440.566 -2655.5 30.035 0
-429.374 -2659.16 29.9855 0
-418.496 -2663.34 29.9855 0
-408.141 -2667.95 29.9855 0
-398.205 -2672.97 30.035 0
-388.582 -2678.51 30.0856 0
-379.273 -2684.37 30.0362 0
-370.697 -2690.64 30.0856 0
-362.224 -2697.13 30.0362 0
-354.589 -2703.82 30.0362 0
-347.372 -2710.83 30.0362 0
-340.678 -2718.05 29.9867 0
-334.194 -2725.68 29.986 0
-328.336 -2733.42 29.986 0
-322.584 -2742.0 29.986 0
-316.622 -2750.99 30.0355 0
-310.764 -2759.78 30.0355 0
-304.698 -2768.88 29.986 0
-298.632 -2777.87 29.986 0
-292.565 -2786.87 29.986 0
-286.603 -2795.66 29.986 0
-280.641 -2804.76 29.984 0
-277.608 -2809.36 29.984 0
-271.019 -2818.35 29.984 0
-264.22 -2826.72 29.984 0
-256.689 -2834.77 29.984 0
-248.949 -2842.3 29.984 0
-240.686 -2849.42 29.9853 0
-232.005 -2856.21 29.9853 0
-223.01 -2862.39 29.9853 0
-213.178 -2868.45 29.9853 0
-203.974 -2873.79 29.9853 0
-180.782 -2887.55 29.9828 0
-166.738 -2895.65 29.6861 0
-157.325 -2901.19 29.34 0
-148.016 -2906.73 28.8455 0
-143.309 -2909.45 28.6477 0
-134.105 -2914.79 28.0543 0
-124.691 -2920.44 27.1639 0
-115.487 -2925.56 26.0266 0
-105.864 -2930.58 24.8398 0
-95.8229 -2935.18 23.9498 0
-85.7818 -2939.16 23.3564 0
-76.0677 -2942.53 23.0072 0
-65.7134 -2945.78 22.76 0
-55.359 -2948.82 22.5127 0
-45.0047 -2952.0 22.4138 0
-34.5764 -2955.03 22.3149 0
-29.1773 -2956.14 22.3149 0
-23.7043 -2957.03 22.3131 0
-18.2313 -2957.47 22.3131 0
-12.6843 -2957.91 22.3131 0
-7.28527 -2957.99 22.3131 0
-1.59039 -2957.69 22.3131 0
3.88268 -2957.17 22.3131 0
9.50361 -2956.36 22.3131 0
14.6808 -2955.18 22.3144 0
20.1538 -2953.77 22.3144 0
25.331 -2952.0 22.3144 0
30.4342 -2950.07 22.3144 0
35.5374 -2947.71 22.3144 0
40.4187 -2945.27 22.3144 0
45.3001 -2942.46 22.3144 0
50.0335 -2939.42 22.3144 0
54.3971 -2936.17 22.3144 0
58.6867 -2932.62 22.3144 0
62.8285 -2928.92 22.3144 0
66.7483 -2924.93 22.3144 0
70.3724 -2920.93 22.3152 0
73.8485 -2916.57 22.3152 0
77.1027 -2912.13 22.3152 0
80.135 -2907.47 22.3152 0
82.7236 -2902.66 22.3152 0
87.605 -2893.94 22.3152 0
98.1812 -2875.0 22.3152 0
113.935 -2846.75 22.3152 0
140.338 -2799.49 22.3179 0
166.668 -2752.52 22.3179 0
187.82 -2714.8 22.3179 0
190.482 -2709.99 22.3179 0
196.325 -2701.34 22.3173 0
202.982 -2693.06 22.3173 0
210.304 -2685.44 22.3173 0
218.143 -2678.49 22.3173 0
226.723 -2672.35 22.3173 0
235.82 -2666.73 22.3178 0
245.286 -2661.92 22.3178 0
255.049 -2657.92 22.3178 0
264.59 -2654.52 22.3178 0
335.443 -2628.04 22.2559 0
345.502 -2624.2 22.2559 0
355.634 -2620.43 22.2559 0
370.796 -2614.81 22.2559 0
380.929 -2610.89 22.2559 0
390.987 -2607.11 22.2559 0
395.942 -2605.34 22.2559 0
401.267 -2603.64 22.2559 0
406.371 -2602.16 22.2559 0
416.799 -2599.42 22.2559 0
427.227 -2596.83 22.2583 0
437.803 -2594.54 22.2583 0
448.306 -2592.39 22.2583 0
458.882 -2590.32 22.2583 0
469.458 -2588.55 22.3981 0
480.109 -2586.99 22.6778 0
490.833 -2585.59 23.0974 0
501.483 -2584.33 23.5873 0
512.281 -2583.22 24.2866 0
522.931 -2582.41 24.916 0
533.655 -2581.67 25.5453 0
544.38 -2581.22 26.1747 0
555.104 -2580.93 26.8041 0
566.568 -2580.85 27.3629 0
582.617 -2580.85 27.9777 0
593.489 -2580.85 28.3419 0
604.287 -2580.93 28.4818 0
615.159 -2580.78 28.4119 0
625.883 -2580.93 28.4119 0
636.681 -2580.78 28.4119 0
658.277 -2580.85 28.419 0
717.667 -2580.85 28.419 0
750.135 -2580.93 28.419 0
848.777 -2580.86 28.4286 0
940.07 -2580.86 28.4286 0
1107.53 -2580.84 28.4576 0
1260.5 -2580.94 28.4576 0
1275.0 -2580.86 28.489 0
1278.77 -2580.94 28.4191 0
1282.25 -2580.94 28.4191 0
1284.91 -2580.86 28.2792 0
1288.24 -2580.94 28.1393 0
1300.16 -2580.79 27.64 0
1400.16 -2580.79 23.0939 0
1500.1 -2580.86 18.4805 0
1600.0 -2580.89 14.1398 0
1644.37 -2580.9 12.3216 0
1650.0 -2580.77 11.9826 0
1654.53 -2580.9 11.8342 0
1659.91 -2581.15 11.6364 0
1663.99 -2581.54 11.4881 0
1668.13 -2582.0 11.2903 0
1672.8 -2582.64 11.1419 0
1677.01 -2583.29 10.8452 0
1681.41 -2584.2 10.5486 0
1685.43 -2585.08 10.3508 0
1689.99 -2586.31 10.3013 0
1694.33 -2587.55 10.2519 0
1717.05 -2594.46 10.2485 0
1835.16 -2630.5 10.298 0
1842.6 -2632.58 10.298 0
1849.34 -2634.03 10.298 0
1855.8 -2635.2 10.298 0
1862.41 -2636.09 10.298 0
1867.08 -2636.57 10.298 0
1870.86 -2636.85 10.298 0
1875.27 -2637.05 10.298 0
1879.87 -2637.12 10.298 0
1884.07 -2637.12 10.298 0
1941.35 -2637.12 10.4963 0
2019.54 -2637.19 10.4963 0
2026.21 -2637.12 10.4963 0
2032.47 -2637.4 10.4963 0
2132.57 -2640.74 10.3074 0
2144.75 -2641.14 10.3074 0
2147.62 -2641.24 10.3074 0
2150.73 -2641.44 10.3074 0
2153.65 -2641.83 10.3074 0
2158.13 -2642.46 10.3074 0
2164.4 -2643.33 10.3074 0
2167.02 -2643.72 10.3074 0
2169.84 -2644.11 10.3074 0
2172.67 -2644.35 10.3074 0
2175.92 -2644.5 10.3074 0
2180.01 -2644.65 10.3074 0
2192.94 -2644.65 10.3074 0
2216.96 -2644.74 10.3074 0
2231.8 -2644.74 10.3074 0
2260.15 -2644.79 10.3074 0
2305.23 -2644.65 10.2592 0
2334.89 -2644.65 10.2592 0
2354.83 -2644.74 10.2592 0
2363.0 -2644.65 10.2592 0
2371.36 -2643.87 10.2592 0
2379.73 -2642.31 10.2592 0
2387.8 -2639.88 10.2592 0
2395.68 -2636.67 10.2592 0
2403.46 -2632.78 10.2592 0
2410.36 -2628.6 10.2592 0
2417.27 -2623.54 10.2592 0
2423.49 -2618.1 10.2592 0
2429.42 -2611.77 10.2592 0
2434.58 -2605.16 10.2592 0
2438.96 -2598.16 10.2592 0
2451.11 -2577.15 10.2592 0
2463.17 -2556.15 10.2592 0
2473.87 -2537.67 10.2592 0
2485.15 -2518.22 10.2592 0
2488.94 -2510.83 10.2592 0
2492.05 -2502.85 10.2592 0
2494.39 -2494.68 10.2592 0
2495.94 -2486.52 10.2592 0
2496.82 -2478.15 10.2592 0
2496.92 -2469.98 10.2592 0
2496.62 -2450.14 10.2592 0
2496.83 -2408.3 10.2592 0
2496.83 -2365.18 10.2592 0
2496.74 -2322.91 10.2592 0
2496.84 -2319.8 10.2592 0
2496.74 -2306.86 10.7012 0
2496.74 -2293.44 11.3484 0
2496.84 -2279.44 11.9778 0
2496.74 -2265.53 12.8869 0
2496.74 -2251.82 14.4253 0
2496.74 -2238.11 16.1036 0
2496.74 -2224.49 17.4971 0
2496.84 -2210.68 18.7558 0
2496.74 -2196.97 20.0145 0
2496.84 -2183.74 20.8537 0
2496.74 -2170.23 21.3589 0
2496.74 -2138.42 21.3786 0
2496.74 -2135.7 21.3786 0
2496.84 -2089.6 21.3822 0
2496.7 -1942.44 21.485 0
2496.73 -1861.7 21.4147 1
2496.81 -1784.72 21.4148 0
2496.81 -1680.4 21.4159 0
2496.74 -1665.54 21.4859 0
2496.74 -1598.63 22.1241 0
2496.67 -1574.97 22.4703 0
2496.81 -1551.11 22.814 0
2496.74 -1539.83 23.0118 0
2496.74 -1521.4 23.358 0
2496.81 -1511.16 23.5047 0
2496.81 -1507.65 23.5047 0
2496.74 -1447.61 23.5188 0
2496.81 -1372.79 23.5188 0
2496.81 -1357.67 23.5188 0
2496.81 -1343.02 23.5188 0
2496.74 -1297.42 23.5188 0
2496.81 -1175.64 23.5188 0
2496.74 -1053.98 23.5188 0
2496.81 -1007.56 23.5188 0
